{
 "cells": [
  {
   "cell_type": "code",
   "execution_count": 55,
   "metadata": {},
   "outputs": [],
   "source": [
    "import numpy as np\n",
    "import random\n",
    "import pandas as pd\n",
    "\n",
    "def distancia_cosseno(vetor1, vetor2):\n",
    "    # Converte os vetores em arrays do NumPy\n",
    "    vetor1 = np.array(vetor1)\n",
    "    vetor2 = np.array(vetor2)\n",
    "    \n",
    "    # Calcula o produto interno dos vetores\n",
    "    produto_interno = np.dot(vetor1, vetor2)\n",
    "    \n",
    "    # Calcula as normas dos vetores\n",
    "    norma_vetor1 = np.linalg.norm(vetor1)\n",
    "    norma_vetor2 = np.linalg.norm(vetor2)\n",
    "    \n",
    "    # Calcula a distância de cosseno\n",
    "    distancia_cosseno = produto_interno / (norma_vetor1 * norma_vetor2)\n",
    "    \n",
    "    return distancia_cosseno\n",
    "\n",
    "def distancia_absoluta(vetor1, vetor2):\n",
    "    # Verifica se os vetores têm o mesmo comprimento\n",
    "    if len(vetor1) != len(vetor2):\n",
    "        raise ValueError(\"Os vetores devem ter o mesmo comprimento\")\n",
    "    \n",
    "    # Calcula a distância absoluta entre os elementos dos vetores\n",
    "    distancia = sum(abs(v1 - v2) for v1, v2 in zip(vetor1, vetor2))\n",
    "    \n",
    "    return distancia\n",
    "\n",
    "# # Exemplo de uso:\n",
    "# print(\"Distância absoluta entre os vetores:\", distancia_absoluta(vetor1, vetor2))\n",
    "# print(\"Distância de cosseno entre os vetores:\", distancia_cosseno(vetor1, vetor2))"
   ]
  },
  {
   "cell_type": "code",
   "execution_count": 56,
   "metadata": {},
   "outputs": [
    {
     "data": {
      "text/plain": [
       "([0.0006082528867324316,\n",
       "  0.0007842792379687944,\n",
       "  0.00010436508968577922,\n",
       "  0.0007744275600644879,\n",
       "  0.00020598393020252278,\n",
       "  0.00096827338292604,\n",
       "  0.0007506513921552218,\n",
       "  0.00016444591484068036,\n",
       "  0.00022647884581832175,\n",
       "  0.0006256183062331289],\n",
       " [[[8.547267354595955e-05,\n",
       "    0.0006570842699315436,\n",
       "    0.0005416303303794985,\n",
       "    0.0006488804079639693,\n",
       "    0.0007141691854020069,\n",
       "    0.00023714216366134644,\n",
       "    0.0009017005318382447,\n",
       "    0.0007080299816701551,\n",
       "    0.0004806923873273127,\n",
       "    0.0008114843475463576]],\n",
       "  [[0.0009495825530456915,\n",
       "    5.494580780800185e-05,\n",
       "    0.00042748248033645396,\n",
       "    5.599803877419563e-05,\n",
       "    0.0006056893870908511,\n",
       "    0.0006681569151079024,\n",
       "    0.000988620482568305,\n",
       "    0.00033869746742434435,\n",
       "    0.0004880162092280721,\n",
       "    0.000112225805158364]],\n",
       "  [[0.0005540849167526979,\n",
       "    0.0007613356842381292,\n",
       "    0.00036230778325348667,\n",
       "    0.0006437833739000208,\n",
       "    0.0002954870135240627,\n",
       "    0.0006507550445784883,\n",
       "    0.0005107096406185939,\n",
       "    0.0008032779431091954,\n",
       "    0.0005370954293742106,\n",
       "    0.00014011540138191193]],\n",
       "  [[0.00032989219738787767,\n",
       "    0.0006155355169736964,\n",
       "    0.0005517903550155869,\n",
       "    0.00047512165371445313,\n",
       "    3.7801827045957913e-06,\n",
       "    0.0007819398576205326,\n",
       "    0.0008624392278288403,\n",
       "    0.0006820592207260942,\n",
       "    0.0002713826234986797,\n",
       "    0.0006182183018297123]],\n",
       "  [[0.00021724768511091763,\n",
       "    0.00045012481018993645,\n",
       "    0.00023860105998148252,\n",
       "    0.0006557091877296138,\n",
       "    0.000288558369597844,\n",
       "    0.0007776037180091808,\n",
       "    0.0005321169003273983,\n",
       "    0.0008375973315619535,\n",
       "    0.0008831300899248763,\n",
       "    0.00011098973990362238]],\n",
       "  [[0.00010473403734107257,\n",
       "    0.00017594775445865319,\n",
       "    0.0007625045058756995,\n",
       "    0.0002799752824770816,\n",
       "    0.00010377157938562465,\n",
       "    0.00040812993448054847,\n",
       "    0.0009982789519426027,\n",
       "    0.00030407402260006433,\n",
       "    0.0009517603923573523,\n",
       "    0.0007962042116210628]],\n",
       "  [[0.0001930618510336327,\n",
       "    0.0002243659914513062,\n",
       "    0.0008509247508634363,\n",
       "    8.119899934705932e-05,\n",
       "    4.608094701624721e-05,\n",
       "    0.0007043736401104308,\n",
       "    2.051037075202289e-05,\n",
       "    0.00048349514788934543,\n",
       "    0.0004287994527208209,\n",
       "    0.0009543158709583048]],\n",
       "  [[0.0003618688812374322,\n",
       "    0.0009420529225589787,\n",
       "    0.0005412393502087089,\n",
       "    8.020177579258658e-06,\n",
       "    0.0007119114796668645,\n",
       "    6.969533270336703e-05,\n",
       "    0.0007800314585308575,\n",
       "    9.55418948632013e-05,\n",
       "    0.0003599898455707465,\n",
       "    0.0004481251138246709]],\n",
       "  [[0.0006537602964514611,\n",
       "    0.0009949407629538496,\n",
       "    0.0006524348581249659,\n",
       "    0.0009116028533024516,\n",
       "    0.0006902391802983956,\n",
       "    0.0009098052614326493,\n",
       "    0.0009688656092773633,\n",
       "    0.00024179941586548415,\n",
       "    0.0004477632542392059,\n",
       "    0.00019540174964772196]],\n",
       "  [[0.0009185195813974967,\n",
       "    5.079808535494401e-05,\n",
       "    0.00010429896451352605,\n",
       "    3.6797738685880544e-05,\n",
       "    0.0003780545949420083,\n",
       "    0.0006051693530519048,\n",
       "    0.0009864909687426037,\n",
       "    0.00031134477151938524,\n",
       "    0.0008179853376308871,\n",
       "    6.049229655494737e-05]]])"
      ]
     },
     "execution_count": 56,
     "metadata": {},
     "output_type": "execute_result"
    }
   ],
   "source": [
    "vectors = []\n",
    "base = [random.uniform(0.0001, 0.001) for _ in range(10)]\n",
    "\n",
    "for i in range(10):\n",
    "    vectors.append([[random.uniform(0, 0.001) for _ in range(10)]])\n",
    "\n",
    "base, vectors"
   ]
  },
  {
   "cell_type": "code",
   "execution_count": 57,
   "metadata": {},
   "outputs": [
    {
     "data": {
      "text/html": [
       "<div>\n",
       "<style scoped>\n",
       "    .dataframe tbody tr th:only-of-type {\n",
       "        vertical-align: middle;\n",
       "    }\n",
       "\n",
       "    .dataframe tbody tr th {\n",
       "        vertical-align: top;\n",
       "    }\n",
       "\n",
       "    .dataframe thead th {\n",
       "        text-align: right;\n",
       "    }\n",
       "</style>\n",
       "<table border=\"1\" class=\"dataframe\">\n",
       "  <thead>\n",
       "    <tr style=\"text-align: right;\">\n",
       "      <th></th>\n",
       "      <th>vector</th>\n",
       "    </tr>\n",
       "  </thead>\n",
       "  <tbody>\n",
       "    <tr>\n",
       "      <th>0</th>\n",
       "      <td>[8.547267354595955e-05, 0.0006570842699315436,...</td>\n",
       "    </tr>\n",
       "    <tr>\n",
       "      <th>1</th>\n",
       "      <td>[0.0009495825530456915, 5.494580780800185e-05,...</td>\n",
       "    </tr>\n",
       "    <tr>\n",
       "      <th>2</th>\n",
       "      <td>[0.0005540849167526979, 0.0007613356842381292,...</td>\n",
       "    </tr>\n",
       "    <tr>\n",
       "      <th>3</th>\n",
       "      <td>[0.00032989219738787767, 0.0006155355169736964...</td>\n",
       "    </tr>\n",
       "    <tr>\n",
       "      <th>4</th>\n",
       "      <td>[0.00021724768511091763, 0.0004501248101899364...</td>\n",
       "    </tr>\n",
       "    <tr>\n",
       "      <th>5</th>\n",
       "      <td>[0.00010473403734107257, 0.0001759477544586531...</td>\n",
       "    </tr>\n",
       "    <tr>\n",
       "      <th>6</th>\n",
       "      <td>[0.0001930618510336327, 0.0002243659914513062,...</td>\n",
       "    </tr>\n",
       "    <tr>\n",
       "      <th>7</th>\n",
       "      <td>[0.0003618688812374322, 0.0009420529225589787,...</td>\n",
       "    </tr>\n",
       "    <tr>\n",
       "      <th>8</th>\n",
       "      <td>[0.0006537602964514611, 0.0009949407629538496,...</td>\n",
       "    </tr>\n",
       "    <tr>\n",
       "      <th>9</th>\n",
       "      <td>[0.0009185195813974967, 5.079808535494401e-05,...</td>\n",
       "    </tr>\n",
       "  </tbody>\n",
       "</table>\n",
       "</div>"
      ],
      "text/plain": [
       "                                              vector\n",
       "0  [8.547267354595955e-05, 0.0006570842699315436,...\n",
       "1  [0.0009495825530456915, 5.494580780800185e-05,...\n",
       "2  [0.0005540849167526979, 0.0007613356842381292,...\n",
       "3  [0.00032989219738787767, 0.0006155355169736964...\n",
       "4  [0.00021724768511091763, 0.0004501248101899364...\n",
       "5  [0.00010473403734107257, 0.0001759477544586531...\n",
       "6  [0.0001930618510336327, 0.0002243659914513062,...\n",
       "7  [0.0003618688812374322, 0.0009420529225589787,...\n",
       "8  [0.0006537602964514611, 0.0009949407629538496,...\n",
       "9  [0.0009185195813974967, 5.079808535494401e-05,..."
      ]
     },
     "execution_count": 57,
     "metadata": {},
     "output_type": "execute_result"
    }
   ],
   "source": [
    "df = pd.DataFrame(vectors, columns=[\"vector\"])\n",
    "df"
   ]
  },
  {
   "cell_type": "code",
   "execution_count": 58,
   "metadata": {},
   "outputs": [
    {
     "data": {
      "text/html": [
       "<div>\n",
       "<style scoped>\n",
       "    .dataframe tbody tr th:only-of-type {\n",
       "        vertical-align: middle;\n",
       "    }\n",
       "\n",
       "    .dataframe tbody tr th {\n",
       "        vertical-align: top;\n",
       "    }\n",
       "\n",
       "    .dataframe thead th {\n",
       "        text-align: right;\n",
       "    }\n",
       "</style>\n",
       "<table border=\"1\" class=\"dataframe\">\n",
       "  <thead>\n",
       "    <tr style=\"text-align: right;\">\n",
       "      <th></th>\n",
       "      <th>vector</th>\n",
       "      <th>absolute</th>\n",
       "      <th>cosine</th>\n",
       "    </tr>\n",
       "  </thead>\n",
       "  <tbody>\n",
       "    <tr>\n",
       "      <th>0</th>\n",
       "      <td>[8.547267354595955e-05, 0.0006570842699315436,...</td>\n",
       "      <td>0.003587</td>\n",
       "      <td>1.291825</td>\n",
       "    </tr>\n",
       "    <tr>\n",
       "      <th>1</th>\n",
       "      <td>[0.0009495825530456915, 5.494580780800185e-05,...</td>\n",
       "      <td>0.003999</td>\n",
       "      <td>1.392084</td>\n",
       "    </tr>\n",
       "    <tr>\n",
       "      <th>2</th>\n",
       "      <td>[0.0005540849167526979, 0.0007613356842381292,...</td>\n",
       "      <td>0.002548</td>\n",
       "      <td>1.169543</td>\n",
       "    </tr>\n",
       "    <tr>\n",
       "      <th>3</th>\n",
       "      <td>[0.00032989219738787767, 0.0006155355169736964...</td>\n",
       "      <td>0.002264</td>\n",
       "      <td>1.121421</td>\n",
       "    </tr>\n",
       "    <tr>\n",
       "      <th>4</th>\n",
       "      <td>[0.00021724768511091763, 0.0004501248101899364...</td>\n",
       "      <td>0.003314</td>\n",
       "      <td>1.289087</td>\n",
       "    </tr>\n",
       "    <tr>\n",
       "      <th>5</th>\n",
       "      <td>[0.00010473403734107257, 0.0001759477544586531...</td>\n",
       "      <td>0.004210</td>\n",
       "      <td>1.465601</td>\n",
       "    </tr>\n",
       "    <tr>\n",
       "      <th>6</th>\n",
       "      <td>[0.0001930618510336327, 0.0002243659914513062,...</td>\n",
       "      <td>0.004419</td>\n",
       "      <td>1.604524</td>\n",
       "    </tr>\n",
       "    <tr>\n",
       "      <th>7</th>\n",
       "      <td>[0.0003618688812374322, 0.0009420529225589787,...</td>\n",
       "      <td>0.003421</td>\n",
       "      <td>1.438160</td>\n",
       "    </tr>\n",
       "    <tr>\n",
       "      <th>8</th>\n",
       "      <td>[0.0006537602964514611, 0.0009949407629538496,...</td>\n",
       "      <td>0.002431</td>\n",
       "      <td>1.093799</td>\n",
       "    </tr>\n",
       "    <tr>\n",
       "      <th>9</th>\n",
       "      <td>[0.0009185195813974967, 5.079808535494401e-05,...</td>\n",
       "      <td>0.003856</td>\n",
       "      <td>1.446296</td>\n",
       "    </tr>\n",
       "  </tbody>\n",
       "</table>\n",
       "</div>"
      ],
      "text/plain": [
       "                                              vector  absolute    cosine\n",
       "0  [8.547267354595955e-05, 0.0006570842699315436,...  0.003587  1.291825\n",
       "1  [0.0009495825530456915, 5.494580780800185e-05,...  0.003999  1.392084\n",
       "2  [0.0005540849167526979, 0.0007613356842381292,...  0.002548  1.169543\n",
       "3  [0.00032989219738787767, 0.0006155355169736964...  0.002264  1.121421\n",
       "4  [0.00021724768511091763, 0.0004501248101899364...  0.003314  1.289087\n",
       "5  [0.00010473403734107257, 0.0001759477544586531...  0.004210  1.465601\n",
       "6  [0.0001930618510336327, 0.0002243659914513062,...  0.004419  1.604524\n",
       "7  [0.0003618688812374322, 0.0009420529225589787,...  0.003421  1.438160\n",
       "8  [0.0006537602964514611, 0.0009949407629538496,...  0.002431  1.093799\n",
       "9  [0.0009185195813974967, 5.079808535494401e-05,...  0.003856  1.446296"
      ]
     },
     "execution_count": 58,
     "metadata": {},
     "output_type": "execute_result"
    }
   ],
   "source": [
    "absolute = []\n",
    "cosine = []\n",
    "\n",
    "for i, row in df.iterrows():\n",
    "    absolute.append(distancia_absoluta(base, row[\"vector\"]))\n",
    "    cosine.append(1.0/distancia_cosseno(base, row[\"vector\"]))\n",
    "\n",
    "df[\"absolute\"] = absolute\n",
    "df[\"cosine\"] = cosine\n",
    "\n",
    "df"
   ]
  },
  {
   "cell_type": "code",
   "execution_count": 59,
   "metadata": {},
   "outputs": [
    {
     "data": {
      "text/html": [
       "<div>\n",
       "<style scoped>\n",
       "    .dataframe tbody tr th:only-of-type {\n",
       "        vertical-align: middle;\n",
       "    }\n",
       "\n",
       "    .dataframe tbody tr th {\n",
       "        vertical-align: top;\n",
       "    }\n",
       "\n",
       "    .dataframe thead th {\n",
       "        text-align: right;\n",
       "    }\n",
       "</style>\n",
       "<table border=\"1\" class=\"dataframe\">\n",
       "  <thead>\n",
       "    <tr style=\"text-align: right;\">\n",
       "      <th></th>\n",
       "      <th>vector</th>\n",
       "      <th>absolute</th>\n",
       "      <th>cosine</th>\n",
       "    </tr>\n",
       "  </thead>\n",
       "  <tbody>\n",
       "    <tr>\n",
       "      <th>3</th>\n",
       "      <td>[0.00032989219738787767, 0.0006155355169736964...</td>\n",
       "      <td>0.002264</td>\n",
       "      <td>1.121421</td>\n",
       "    </tr>\n",
       "    <tr>\n",
       "      <th>8</th>\n",
       "      <td>[0.0006537602964514611, 0.0009949407629538496,...</td>\n",
       "      <td>0.002431</td>\n",
       "      <td>1.093799</td>\n",
       "    </tr>\n",
       "    <tr>\n",
       "      <th>2</th>\n",
       "      <td>[0.0005540849167526979, 0.0007613356842381292,...</td>\n",
       "      <td>0.002548</td>\n",
       "      <td>1.169543</td>\n",
       "    </tr>\n",
       "    <tr>\n",
       "      <th>4</th>\n",
       "      <td>[0.00021724768511091763, 0.0004501248101899364...</td>\n",
       "      <td>0.003314</td>\n",
       "      <td>1.289087</td>\n",
       "    </tr>\n",
       "    <tr>\n",
       "      <th>7</th>\n",
       "      <td>[0.0003618688812374322, 0.0009420529225589787,...</td>\n",
       "      <td>0.003421</td>\n",
       "      <td>1.438160</td>\n",
       "    </tr>\n",
       "    <tr>\n",
       "      <th>0</th>\n",
       "      <td>[8.547267354595955e-05, 0.0006570842699315436,...</td>\n",
       "      <td>0.003587</td>\n",
       "      <td>1.291825</td>\n",
       "    </tr>\n",
       "    <tr>\n",
       "      <th>9</th>\n",
       "      <td>[0.0009185195813974967, 5.079808535494401e-05,...</td>\n",
       "      <td>0.003856</td>\n",
       "      <td>1.446296</td>\n",
       "    </tr>\n",
       "    <tr>\n",
       "      <th>1</th>\n",
       "      <td>[0.0009495825530456915, 5.494580780800185e-05,...</td>\n",
       "      <td>0.003999</td>\n",
       "      <td>1.392084</td>\n",
       "    </tr>\n",
       "    <tr>\n",
       "      <th>5</th>\n",
       "      <td>[0.00010473403734107257, 0.0001759477544586531...</td>\n",
       "      <td>0.004210</td>\n",
       "      <td>1.465601</td>\n",
       "    </tr>\n",
       "    <tr>\n",
       "      <th>6</th>\n",
       "      <td>[0.0001930618510336327, 0.0002243659914513062,...</td>\n",
       "      <td>0.004419</td>\n",
       "      <td>1.604524</td>\n",
       "    </tr>\n",
       "  </tbody>\n",
       "</table>\n",
       "</div>"
      ],
      "text/plain": [
       "                                              vector  absolute    cosine\n",
       "3  [0.00032989219738787767, 0.0006155355169736964...  0.002264  1.121421\n",
       "8  [0.0006537602964514611, 0.0009949407629538496,...  0.002431  1.093799\n",
       "2  [0.0005540849167526979, 0.0007613356842381292,...  0.002548  1.169543\n",
       "4  [0.00021724768511091763, 0.0004501248101899364...  0.003314  1.289087\n",
       "7  [0.0003618688812374322, 0.0009420529225589787,...  0.003421  1.438160\n",
       "0  [8.547267354595955e-05, 0.0006570842699315436,...  0.003587  1.291825\n",
       "9  [0.0009185195813974967, 5.079808535494401e-05,...  0.003856  1.446296\n",
       "1  [0.0009495825530456915, 5.494580780800185e-05,...  0.003999  1.392084\n",
       "5  [0.00010473403734107257, 0.0001759477544586531...  0.004210  1.465601\n",
       "6  [0.0001930618510336327, 0.0002243659914513062,...  0.004419  1.604524"
      ]
     },
     "execution_count": 59,
     "metadata": {},
     "output_type": "execute_result"
    }
   ],
   "source": [
    "df.sort_values(by=\"absolute\")"
   ]
  },
  {
   "cell_type": "code",
   "execution_count": 60,
   "metadata": {},
   "outputs": [
    {
     "data": {
      "text/html": [
       "<div>\n",
       "<style scoped>\n",
       "    .dataframe tbody tr th:only-of-type {\n",
       "        vertical-align: middle;\n",
       "    }\n",
       "\n",
       "    .dataframe tbody tr th {\n",
       "        vertical-align: top;\n",
       "    }\n",
       "\n",
       "    .dataframe thead th {\n",
       "        text-align: right;\n",
       "    }\n",
       "</style>\n",
       "<table border=\"1\" class=\"dataframe\">\n",
       "  <thead>\n",
       "    <tr style=\"text-align: right;\">\n",
       "      <th></th>\n",
       "      <th>vector</th>\n",
       "      <th>absolute</th>\n",
       "      <th>cosine</th>\n",
       "    </tr>\n",
       "  </thead>\n",
       "  <tbody>\n",
       "    <tr>\n",
       "      <th>8</th>\n",
       "      <td>[0.0006537602964514611, 0.0009949407629538496,...</td>\n",
       "      <td>0.002431</td>\n",
       "      <td>1.093799</td>\n",
       "    </tr>\n",
       "    <tr>\n",
       "      <th>3</th>\n",
       "      <td>[0.00032989219738787767, 0.0006155355169736964...</td>\n",
       "      <td>0.002264</td>\n",
       "      <td>1.121421</td>\n",
       "    </tr>\n",
       "    <tr>\n",
       "      <th>2</th>\n",
       "      <td>[0.0005540849167526979, 0.0007613356842381292,...</td>\n",
       "      <td>0.002548</td>\n",
       "      <td>1.169543</td>\n",
       "    </tr>\n",
       "    <tr>\n",
       "      <th>4</th>\n",
       "      <td>[0.00021724768511091763, 0.0004501248101899364...</td>\n",
       "      <td>0.003314</td>\n",
       "      <td>1.289087</td>\n",
       "    </tr>\n",
       "    <tr>\n",
       "      <th>0</th>\n",
       "      <td>[8.547267354595955e-05, 0.0006570842699315436,...</td>\n",
       "      <td>0.003587</td>\n",
       "      <td>1.291825</td>\n",
       "    </tr>\n",
       "    <tr>\n",
       "      <th>1</th>\n",
       "      <td>[0.0009495825530456915, 5.494580780800185e-05,...</td>\n",
       "      <td>0.003999</td>\n",
       "      <td>1.392084</td>\n",
       "    </tr>\n",
       "    <tr>\n",
       "      <th>7</th>\n",
       "      <td>[0.0003618688812374322, 0.0009420529225589787,...</td>\n",
       "      <td>0.003421</td>\n",
       "      <td>1.438160</td>\n",
       "    </tr>\n",
       "    <tr>\n",
       "      <th>9</th>\n",
       "      <td>[0.0009185195813974967, 5.079808535494401e-05,...</td>\n",
       "      <td>0.003856</td>\n",
       "      <td>1.446296</td>\n",
       "    </tr>\n",
       "    <tr>\n",
       "      <th>5</th>\n",
       "      <td>[0.00010473403734107257, 0.0001759477544586531...</td>\n",
       "      <td>0.004210</td>\n",
       "      <td>1.465601</td>\n",
       "    </tr>\n",
       "    <tr>\n",
       "      <th>6</th>\n",
       "      <td>[0.0001930618510336327, 0.0002243659914513062,...</td>\n",
       "      <td>0.004419</td>\n",
       "      <td>1.604524</td>\n",
       "    </tr>\n",
       "  </tbody>\n",
       "</table>\n",
       "</div>"
      ],
      "text/plain": [
       "                                              vector  absolute    cosine\n",
       "8  [0.0006537602964514611, 0.0009949407629538496,...  0.002431  1.093799\n",
       "3  [0.00032989219738787767, 0.0006155355169736964...  0.002264  1.121421\n",
       "2  [0.0005540849167526979, 0.0007613356842381292,...  0.002548  1.169543\n",
       "4  [0.00021724768511091763, 0.0004501248101899364...  0.003314  1.289087\n",
       "0  [8.547267354595955e-05, 0.0006570842699315436,...  0.003587  1.291825\n",
       "1  [0.0009495825530456915, 5.494580780800185e-05,...  0.003999  1.392084\n",
       "7  [0.0003618688812374322, 0.0009420529225589787,...  0.003421  1.438160\n",
       "9  [0.0009185195813974967, 5.079808535494401e-05,...  0.003856  1.446296\n",
       "5  [0.00010473403734107257, 0.0001759477544586531...  0.004210  1.465601\n",
       "6  [0.0001930618510336327, 0.0002243659914513062,...  0.004419  1.604524"
      ]
     },
     "execution_count": 60,
     "metadata": {},
     "output_type": "execute_result"
    }
   ],
   "source": [
    "df.sort_values(by=\"cosine\")"
   ]
  },
  {
   "cell_type": "code",
   "execution_count": 61,
   "metadata": {},
   "outputs": [
    {
     "data": {
      "text/plain": [
       "(Index([3, 8, 2, 4, 7, 0, 9, 1, 5, 6], dtype='int64'),\n",
       " Index([6, 5, 9, 7, 1, 0, 4, 2, 3, 8], dtype='int64'))"
      ]
     },
     "execution_count": 61,
     "metadata": {},
     "output_type": "execute_result"
    }
   ],
   "source": [
    "df.sort_values(by=\"absolute\").index, df.sort_values(by=\"cosine\", ascending=False).index"
   ]
  }
 ],
 "metadata": {
  "kernelspec": {
   "display_name": "whisperx",
   "language": "python",
   "name": "python3"
  },
  "language_info": {
   "codemirror_mode": {
    "name": "ipython",
    "version": 3
   },
   "file_extension": ".py",
   "mimetype": "text/x-python",
   "name": "python",
   "nbconvert_exporter": "python",
   "pygments_lexer": "ipython3",
   "version": "3.10.13"
  }
 },
 "nbformat": 4,
 "nbformat_minor": 2
}
